2968
8686
2504
3131
2938
3253
6203
8212
6529
5418
5717
896
2689
8306
3310
6495
1928
2819
3780
4171
6279
2780
460
452
491
3743
835
8239
8767
1945
4929
4210
5087
4297
8768
4528
4285
6502
3720
2960
5023
4511
8735
7115
3410
6300
7547
2237
1131
6917
5894
6267
5480
2912
5055
4548
7027
1523
4895
6370
6863
1708
6709
2015
3910
2116
4733
3133
5232
5208
5792
8018
6554
7781
6904
8475
1261
7591
8125
5446
8997
8448
8041
8206
7854
4113
8850
580
7959
3256
2196
8764
6733
3931
4048
4020
4256
5998
2910
8139
1161
5947
6655
2039
1643
3609
5446
8330
1958
2519
1852
3649
944
7632
4811
1641
2343
8513
7886
2856
2032
366
2895
2852
3504
4426
6883
2260
3622
997
6974
1951
4811
3166
7389
4746
5554
1933
3979
7723
5510
3896
5321
4918
900
3182
8961
4732
1010
5409
5749
511
6262
6537
7603
50
6423
4175
4986
2133
4829
2722
8525
662
7038
5486
7617
7457
4990
1476
4816
2144
868
874
2723
449
4230
3838
5703
3797
506
5450
1336
1811
2630
8770
2330
6221
325
1036
1442
8341
848
6570
7622
5107
581
6876
5510
6559
4218
8459
1431
7830
6579
19
1270
7742
96
1361
1649
5897
8370
5749
3621
8561
1096
8029
2783
6913
7933
7040
4354
8710
7975
3195
7725
4809
7776
5768
6077
2801
2709
8887
1522
2700
7774
826
249
422
8871
5830
8634
6778
7018
6764
5356
6395
2176
8836
356
5184
5612
858
7428
5136
4948
2279
218
7505
7834
3942
4580
2001
6676
7793
1421
4128
6234
6141
727
8656
423
8526
124
4933
5227
8361
3605
75
5540
4498
4613
5014
30
5567
385
4584
1009
8761
2950
8911
3091
5114
3121
5338
4592
2232
154
1993
3097
5980
1611
734
2131
1045
8814
8775
5363
6577
8745
8436
7177
4819
7278
7362
4796
8359
4262
379
8902
7368
6925
2429
1002
4114
2349
1766
7143
8284
5203
2569
1384
7766
3591
7254
3103
8777
5261
2459
8439
3325
2694
1373
1524
8389
2060
7638
3342
7357
5164
2445
3104
7617
80
5443
2611
6703
1457
1893
7281
1286
3685
8403
6707
3561
5900
170
2424
8071
3779
3830
5825
3163
1921
1384
1282
57
4778
7229
5458
3328
3219
8481
833
5282
3281
2784
7612
759
6479
3397
1456
5131
174
1723
8559
2837
8851
4746
8445
8363
7314
6474
5537
342
8497
5800
2125
4230
6234
5211
7344
5447
7922
1836
4809
3635
1556
6501
6053
6329
4701
6496
5097
440
5174
4215
1556
2940
2296
8132
251
2816
6740
4899
890
7940
3216
7310
3231
7805
6396
6640
2029
8235
7489
1171
723
6263
8919
5091
2100
6864
2484
294
4363
4153
2350
1776
6668
624
7406
3254
8669
2914
1389
8595
1141
4257
6
6909
7276
4467
5394
2018
2424
7440
5271
5738
7296
3013
4256
2032
8277
695
4029
2735
6919
7940
1828
1046
1747
6814
7891
5402
5023
7105
2995
6026
3372
4416
3049
4189
5676
1164
6052
68
2796
5397
1343
5096
2459
5992
5144
7489
8755
6796
7026
7296
2696
550
8131
3826
3239
5544
4011
1460
850
1916
1509
4583
783
6768
5363
6341
3053
5866
4887
6488
1824
609
7678
7928
6881
7095
4855
4133
2530
1070
530
5348
1304
5941
7238
2420
8236
786
2863
7148
7243
8375
5757
5399
3227
7247
4985
1855
3591
3095
1814
4135
1484
8989
206
987
2257
8241
8352
28
8484
1304
2382
5565
8676
5907
6530
8060
7419
2391
1800
7251
973
3527
2781
7294
2613
3721
1027
1588
4151
2869
8443
4903
8167
4085
2758
5624
4732
3371
232
8515
8145
922
5203
453
5424
5216
3845
1951
8121
1613
7542
3153
7320
4683
3558
6064
4267
5702
2678
5992
1863
3995
3074
4313
616
7094
3119
3255
6242
2924
3083
7849
1104
1757
2687
4881
2664
6422
420
4047
5499
4584
2294
3837
3585
2466
1225
6725
7104
1579
2905
2587
3120
3774
172
8927
7696
2614
976
4132
403
8656
4358
271
365
8282
1841
2786
2777
6630
8477
5691
2359
1371
7870
8586
7285
1469
611
2975
5450
8674
2223
1961
3761
8824
4663
2459
387
1651
7503
4867
7393
2815
5734
470
3524
6376
4982
3702
5880
4678
5109
973
862
154
2861
3047
6670
3365
6713
3493
5933
5188
5459
1066
2419
492
4336
1607
8797
8854
7948
7141
828
4676
5817
2116
4292
8326
1444
7467
4065
2956
6103
4726
5052
5285
409
7464
8258
2556
