6
19
28
30
50
57
68
75
80
96
124
154
154
170
172
174
206
218
232
249
251
271
294
325
342
356
365
366
379
385
387
403
409
420
422
423
440
449
452
453
460
470
491
492
506
511
530
550
580
581
609
611
616
624
662
695
723
727
734
759
783
786
826
828
833
835
848
850
858
862
868
874
890
896
900
922
944
973
973
976
987
997
1002
1009
1010
1027
1036
1045
1046
1066
1070
1096
1104
1131
1141
1161
1164
1171
1225
1261
1270
1282
1286
1304
1304
1336
1343
1361
1371
1373
1384
1384
1389
1421
1431
1442
1444
1456
1457
1460
1469
1476
1484
1509
1522
1523
1524
1556
1556
1579
1588
1607
1611
1613
1641
1643
1649
1651
1708
1723
1747
1757
1766
1776
1800
1811
1814
1824
1828
1836
1841
1852
1855
1863
1893
1916
1921
1928
1933
1945
1951
1951
1958
1961
1993
2001
2015
2018
2029
2032
2032
2039
2060
2100
2116
2116
2125
2131
2133
2144
2176
2196
2223
2232
2237
2257
2260
2279
2294
2296
2330
2343
2349
2350
2359
2382
2391
2419
2420
2424
2424
2429
2445
2459
2459
2459
2466
2484
2504
2519
2530
2556
2569
2587
2611
2613
2614
2630
2664
2678
2687
2689
2694
2696
2700
2709
2722
2723
2735
2758
2777
2780
2781
2783
2784
2786
2796
2801
2815
2816
2819
2837
2852
2856
2861
2863
2869
2895
2905
2910
2912
2914
2924
2938
2940
2950
2956
2960
2968
2975
2995
3013
3047
3049
3053
3074
3083
3091
3095
3097
3103
3104
3119
3120
3121
3131
3133
3153
3163
3166
3182
3195
3216
3219
3227
3231
3239
3253
3254
3255
3256
3281
3310
3325
3328
3342
3365
3371
3372
3397
3410
3493
3504
3524
3527
3558
3561
3585
3591
3591
3605
3609
3621
3622
3635
3649
3685
3702
3720
3721
3743
3761
3774
3779
3780
3797
3826
3830
3837
3838
3845
3896
3910
3931
3942
3979
3995
4011
4020
4029
4047
4048
4065
4085
4113
4114
4128
4132
4133
4135
4151
4153
4171
4175
4189
4210
4215
4218
4230
4230
4256
4256
4257
4262
4267
4285
4292
4297
4313
4336
4354
4358
4363
4416
4426
4467
4498
4511
4528
4548
4580
4583
4584
4584
4592
4613
4663
4676
4678
4683
4701
4726
4732
4732
4733
4746
4746
4778
4796
4809
4809
4811
4811
4816
4819
4829
4855
4867
4881
4887
4895
4899
4903
4918
4929
4933
4948
4982
4985
4986
4990
5014
5023
5023
5052
5055
5087
5091
5096
5097
5107
5109
5114
5131
5136
5144
5164
5174
5184
5188
5203
5203
5208
5211
5216
5227
5232
5261
5271
5282
5285
5321
5338
5348
5356
5363
5363
5394
5397
5399
5402
5409
5418
5424
5443
5446
5446
5447
5450
5450
5458
5459
5480
5486
5499
5510
5510
5537
5540
5544
5554
5565
5567
5612
5624
5676
5691
5702
5703
5717
5734
5738
5749
5749
5757
5768
5792
5800
5817
5825
5830
5866
5880
5894
5897
5900
5907
5933
5941
5947
5980
5992
5992
5998
6026
6052
6053
6064
6077
6103
6141
6203
6221
6234
6234
6242
6262
6263
6267
6279
6300
6329
6341
6370
6376
6395
6396
6422
6423
6474
6479
6488
6495
6496
6501
6502
6529
6530
6537
6554
6559
6570
6577
6579
6630
6640
6655
6668
6670
6676
6703
6707
6709
6713
6725
6733
6740
6764
6768
6778
6796
6814
6863
6864
6876
6881
6883
6904
6909
6913
6917
6919
6925
6974
7018
7026
7027
7038
7040
7094
7095
7104
7105
7115
7141
7143
7148
7177
7229
7238
7243
7247
7251
7254
7276
7278
7281
7285
7294
7296
7296
7310
7314
7320
7344
7357
7362
7368
7389
7393
7406
7419
7428
7440
7457
7464
7467
7489
7489
7503
7505
7542
7547
7591
7603
7612
7617
7617
7622
7632
7638
7678
7696
7723
7725
7742
7766
7774
7776
7781
7793
7805
7830
7834
7849
7854
7870
7886
7891
7922
7928
7933
7940
7940
7948
7959
7975
8018
8029
8041
8060
8071
8121
8125
8131
8132
8139
8145
8167
8206
8212
8235
8236
8239
8241
8258
8277
8282
8284
8306
8326
8330
8341
8352
8359
8361
8363
8370
8375
8389
8403
8436
8439
8443
8445
8448
8459
8475
8477
8481
8484
8497
8513
8515
8525
8526
8559
8561
8586
8595
8634
8656
8656
8669
8674
8676
8686
8710
8735
8745
8755
8761
8764
8767
8768
8770
8775
8777
8797
8814
8824
8836
8850
8851
8854
8871
8887
8902
8911
8919
8927
8961
8989
8997
