0
1
1
1
2
3
5
7
8
9
10
11
11
12
12
13
13
14
14
15
15
16
16
16
18
18
20
22
23
25
25
26
26
26
26
26
27
28
29
29
32
33
34
35
35
35
35
36
36
37
37
37
37
38
39
40
40
41
42
43
43
44
46
48
50
50
51
60
60
61
62
63
64
64
65
65
66
66
67
67
67
68
69
69
70
71
71
72
79
79
79
81
81
81
81
81
82
83
84
85
86
86
87
88
88
90
90
92
93
93
94
94
95
95
96
96
96
96
97
97
98
99
99
99
99
99
99
101
102
102
103
104
104
104
105
105
105
107
108
109
109
109
109
110
111
113
114
116
116
119
119
120
120
120
121
121
123
123
125
125
127
128
128
129
129
129
129
131
131
131
133
133
136
136
137
137
137
138
140
141
145
145
145
146
146
149
150
151
156
156
156
157
157
158
158
161
162
164
167
167
167
168
168
168
169
170
172
172
172
172
173
173
174
174
176
176
176
177
177
177
177
178
178
179
179
179
179
182
183
183
183
184
184
186
186
187
187
188
188
189
190
191
191
192
192
194
194
197
197
197
199
199
199
200
200
201
202
203
203
204
204
205
207
208
208
208
208
209
210
211
212
212
215
215
215
216
216
217
217
219
219
221
222
222
222
225
225
225
225
229
229
230
230
230
231
231
232
233
233
233
233
235
235
236
238
239
240
241
241
243
243
243
243
245
245
246
246
247
247
247
247
248
249
249
249
251
252
252
252
252
252
252
253
255
255
255
256
258
258
258
259
259
260
260
261
261
262
263
263
263
265
265
265
266
266
267
272
272
274
274
276
276
281
281
284
284
285
285
287
287
287
288
288
289
289
290
291
291
292
293
293
294
296
298
299
301
302
303
304
304
304
304
305
306
306
307
307
308
308
310
311
313
314
315
317
318
321
323
325
326
326
327
327
329
330
330
331
331
331
333
333
334
335
336
337
337
338
339
340
341
344
344
344
345
346
346
347
347
347
347
347
347
349
350
352
353
353
353
355
356
356
357
358
359
359
359
361
363
365
365
366
366
367
368
368
368
369
370
371
371
372
375
375
377
378
378
379
379
379
379
382
383
383
383
384
384
384
384
385
385
387
388
389
391
391
392
393
393
396
396
397
398
399
400
400
401
402
403
403
404
404
405
405
406
406
407
408
410
412
413
414
416
416
417
418
419
419
422
422
423
423
423
424
425
427
427
428
429
429
429
430
431
431
431
432
434
436
437
437
437
438
438
439
440
440
441
442
443
443
444
444
444
445
445
447
448
448
449
450
451
452
454
455
456
456
456
458
462
463
463
465
466
467
468
469
470
471
472
472
472
473
473
474
476
476
476
476
478
480
482
482
482
482
483
483
483
484
485
485
486
487
488
490
491
491
493
494
496
497
497
500
502
503
503
504
504
507
507
508
508
509
510
510
510
510
511
511
511
513
513
514
515
516
516
518
518
519
520
521
521
521
522
523
524
525
526
527
527
530
533
534
534
536
536
536
536
537
538
539
540
540
540
541
542
542
544
545
545
545
546
550
550
552
552
553
553
554
554
554
555
558
558
558
559
560
560
560
561
563
563
567
568
570
572
573
573
573
573
573
574
574
575
575
576
577
578
578
579
579
580
581
582
582
583
583
584
586
587
587
589
589
590
591
591
593
594
596
598
598
599
602
603
603
604
604
605
605
606
606
607
608
609
609
610
613
613
613
614
614
614
615
615
615
615
615
617
618
619
621
622
622
623
623
624
626
627
627
628
629
629
630
630
631
632
632
634
634
634
634
635
635
635
636
636
637
637
637
640
640
643
643
644
645
645
646
647
648
648
649
650
652
652
652
652
652
653
653
654
654
656
656
656
657
658
658
660
660
662
665
666
668
669
669
669
669
669
669
670
670
670
671
671
672
672
672
672
673
673
673
674
674
674
675
676
676
678
678
678
679
681
682
682
683
684
684
685
685
686
690
691
692
692
694
694
698
698
699
701
704
705
708
709
710
710
710
710
710
711
711
712
712
712
713
714
715
716
716
716
717
717
718
720
721
722
723
723
727
727
728
728
728
730
730
730
731
732
733
734
735
736
736
739
740
742
743
744
744
744
745
745
745
746
746
747
748
748
749
750
751
751
751
752
754
754
754
755
755
756
756
756
757
757
758
762
762
765
766
766
767
767
767
767
769
770
770
771
771
771
772
773
774
774
776
776
777
778
778
778
779
780
781
781
782
783
784
785
786
789
790
790
793
794
794
795
795
795
796
797
798
798
799
800
801
802
803
804
805
806
807
807
807
808
809
810
810
811
811
811
811
814
814
814
816
816
816
817
817
817
818
819
821
825
825
826
826
827
827
829
829
834
836
836
836
836
837
837
837
837
838
839
839
839
840
840
842
843
845
848
849
850
851
851
851
853
853
853
854
854
854
855
857
859
860
860
861
862
863
863
863
865
866
867
868
868
868
869
869
870
870
871
871
871
872
873
873
873
875
876
876
878
879
879
879
880
881
881
882
883
883
884
884
884
885
886
886
886
887
887
887
890
890
891
892
894
894
896
896
897
897
897
897
898
898
900
904
904
904
905
905
906
906
906
907
907
907
907
908
912
912
913
915
915
917
918
918
919
919
919
920
921
921
921
921
921
922
922
923
923
923
924
924
924
924
924
925
925
927
929
929
930
931
934
935
936
937
938
939
939
940
942
944
944
946
947
948
948
949
949
949
950
951
951
952
953
953
954
954
955
958
958
959
960
961
962
964
965
965
965
966
967
967
968
969
971
971
972
974
974
974
975
976
980
981
982
982
982
983
984
984
985
985
985
986
988
990
992
995
996
997
999
999
999
999
1000
1000
1001
1001
1002
1003
1003
1003
1004
1004
1007
1007
1009
1009
1009
1010
1010
1010
1011
1011
1011
1012
1013
1013
1014
1015
1016
1016
1016
1018
1019
1020
1023
1024
1024
1026
1026
1028
1029
1031
1031
1032
1032
1032
1033
1033
1035
1035
1035
1037
1038
1039
1040
1042
1042
1042
1043
1045
1046
1047
1047
1048
1050
1050
1050
1051
1051
1051
1054
1054
1054
1055
1055
1057
1058
1059
1059
1060
1061
1062
1062
1063
1064
1065
1066
1066
1067
1068
1068
1070
1071
1071
1071
1072
1072
1072
1074
1074
1076
1077
1077
1079
1080
1080
1082
1082
1083
1085
1086
1087
1087
1087
1089
1089
1090
1090
1091
1091
1092
1093
1094
1094
1095
1095
1096
1097
1098
1099
1099
1101
1101
1104
1104
1105
1106
1106
1106
1107
1108
1108
1108
1110
1111
1112
1112
1113
1113
1114
1114
1115
1115
1116
1117
1117
1118
1119
1119
1119
1119
1120
1121
1122
1122
1122
1123
1123
1123
1124
1124
1126
1127
1127
1127
1127
1128
1129
1129
1129
1129
1130
1130
1130
1131
1131
1132
1132
1132
1132
1133
1133
1134
1135
1136
1136
1138
1138
1140
1140
1146
1150
1151
1152
1154
1157
1159
1159
1160
1160
1161
1162
1163
1165
1166
1168
1169
1169
1170
1171
1171
1172
1173
1175
1175
1175
1177
1177
1178
1178
1179
1179
1179
1182
1182
1182
1182
1183
1183
1183
1186
1186
1187
1188
1188
1190
1191
1193
1194
1195
1195
1195
1195
1196
1196
1196
1197
1197
1198
1199
1200
1202
1202
1203
1203
1204
1205
1209
1210
1212
1212
1213
1213
1213
1214
1214
1216
1216
1217
1217
1219
1219
1220
1220
1221
1222
1222
1223
1223
1223
1224
1224
1225
1226
1227
1227
1229
1229
1230
1230
1235
1237
1238
1239
1239
1239
1240
1241
1241
1244
1245
1245
1245
1246
1247
1250
1250
1252
1254
1254
1255
1255
1256
1257
1258
1258
1260
1260
1260
1261
1262
1264
1264
1265
1266
1266
1267
1267
1268
1268
1268
1269
1270
1270
1270
1272
1272
1272
1273
1273
1275
1277
1277
1277
1278
1279
1279
1280
1280
1282
1282
1283
1284
1284
1284
1285
1285
1285
1285
1286
1286
1286
1286
1287
1290
1290
1290
1291
1291
1292
1293
1293
1293
1293
1293
1293
1293
1295
1296
1296
1297
1298
1299
1300
1300
1301
1301
1302
1302
1303
1303
1306
1307
1310
1311
1311
1311
1312
1313
1313
1314
1315
1316
1318
1318
1319
1319
1319
1320
1321
1321
1324
1325
1326
1327
1327
1327
1328
1328
1329
1329
1331
1331
1331
1331
1332
1335
1335
1336
1336
1339
1339
1340
1341
1342
1342
1342
1342
1343
1343
1344
1345
1347
1348
1352
1352
1353
1354
1354
1356
1357
1357
1358
1358
1358
1359
1360
1362
1362
1362
1362
1363
1364
1364
1364
1364
1367
1369
1371
1372
1373
1374
1374
1375
1376
1376
1377
1377
1378
1382
1383
1383
1384
1386
1387
1389
1390
1391
1393
1393
1394
1394
1394
1395
1397
1397
1397
1398
1398
1398
1399
1401
1401
1401
1401
1402
1403
1403
1404
1404
1404
1407
1409
1410
1410
1411
1411
1411
1413
1414
1415
1415
1416
1416
1418
1418
1419
1421
1421
1421
1422
1424
1425
1425
1426
1429
1431
1431
1433
1433
1434
1435
1435
1436
1438
1438
1438
1438
1439
1440
1440
1440
1440
1442
1442
1442
1443
1444
1445
1449
1449
1451
1452
1452
1455
1456
1457
1459
1459
1463
1463
1463
1464
1465
1466
1467
1467
1467
1468
1471
1471
1472
1473
1473
1473
1473
1474
1474
1475
1475
1479
1481
1481
1483
1483
1483
1486
1486
1486
1487
1488
1489
1490
1491
1493
1493
1494
1494
1496
1498
1498
1499
1500
1501
1503
1503
1505
1506
1506
1507
1508
1508
1508
1509
1509
1509
1510
1510
1510
1510
1511
1511
1512
1512
1515
1517
1517
1518
1518
1518
1518
1519
1519
1519
1520
1520
1522
1524
1524
1526
1526
1527
1527
1527
1528
1528
1530
1530
1530
1530
1531
1533
1533
1536
1536
1537
1538
1538
1538
1539
1539
1539
1540
1540
1541
1541
1541
1542
1543
1544
1545
1546
1546
1547
1548
1549
1550
1551
1552
1552
1553
1554
1555
1556
1557
1557
1558
1558
1559
1560
1560
1560
1560
1561
1561
1562
1562
1564
1564
1564
1565
1565
1566
1567
1567
1567
1568
1568
1568
1571
1571
1573
1573
1574
1574
1575
1575
1576
1576
1576
1577
1578
1578
1578
1579
1580
1582
1584
1584
1585
1586
1587
1588
1590
1590
1591
1591
1592
1595
1595
1596
1597
1598
1598
1599
1599
1599
1601
1601
1605
1605
1606
1607
1613
1614
1616
1617
1618
1619
1619
1621
1622
1622
1623
1623
1623
1623
1624
1624
1624
1625
1627
1627
1628
1630
1631
1631
1633
1633
1635
1635
1636
1638
1640
1642
1644
1644
1646
1646
1646
1647
1648
1648
1649
1651
1652
1653
1654
1654
1654
1656
1656
1657
1658
1658
1659
1660
1660
1662
1663
1664
1665
1668
1668
1668
1669
1670
1671
1672
1672
1673
1673
1675
1675
1675
1675
1678
1680
1680
1681
1683
1683
1683
1684
1685
1687
1687
1687
1688
1689
1696
1696
1697
1699
1700
1701
1702
1703
1703
1707
1709
1711
1711
1712
1712
1712
1713
1713
1713
1715
1715
1716
1716
1716
1717
1719
1720
1720
1721
1722
1722
1722
1725
1725
1725
1726
1726
1727
1729
1730
1730
1730
1731
1732
1734
1734
1735
1737
1738
1739
1739
1740
1740
1741
1741
1741
1741
1742
1743
1743
1744
1745
1745
1746
1748
1749
1750
1750
1751
1753
1753
1754
1754
1755
1755
1755
1757
1757
1757
1757
1758
1759
1759
1759
1760
1760
1761
1761
1763
1763
1763
1764
1765
1766
1766
1766
1767
1767
1768
1768
1769
1770
1770
1770
1772
1772
1772
1772
1773
1774
1775
1775
1775
1777
1778
1779
1781
1781
1783
1785
1786
1786
1786
1788
1788
1790
1791
1792
1794
1797
1797
1798
1800
1801
1802
1802
1803
1803
1803
1804
1804
1804
1805
1805
1805
1805
1810
1811
1812
1812
1812
1813
1814
1814
1816
1818
1818
1819
1819
1820
1820
1820
1821
1821
1821
1821
1821
1821
1822
1823
1823
1823
1825
1825
1826
1826
1826
1827
1828
1828
1829
1830
1831
1831
1832
1832
1832
1833
1834
1835
1835
1836
1837
1837
1837
1838
1839
1839
1840
1841
1843
1844
1845
1845
1846
1849
1849
1850
1850
1850
1850
1852
1853
1853
1854
1854
1854
1856
1858
1858
1860
1860
1860
1861
1861
1862
1863
1863
1863
1865
1865
1868
1869
1869
1871
1871
1872
1872
1873
1874
1874
1874
1874
1874
1874
1875
1877
1878
1878
1878
1879
1879
1879
1879
1882
1887
1887
1888
1889
1889
1889
1889
1890
1890
1891
1891
1891
1892
1893
1893
1894
1895
1897
1898
1900
1900
1900
1903
1903
1904
1904
1905
1906
1906
1906
1908
1909
1910
1912
1913
1913
1913
1915
1915
1916
1916
1917
1917
1919
1920
1925
1925
1926
1926
1928
1928
1928
1929
1929
1930
1932
1932
1933
1933
1934
1935
1936
1937
1937
1939
1940
1940
1941
1943
1943
1944
1944
1945
1945
1948
1948
1950
1950
1950
1951
1951
1952
1953
1954
1954
1957
1957
1959
1959
1960
1961
1961
1964
1965
1968
1970
1972
1974
1976
1976
1977
1978
1979
1979
1980
1980
1981
1982
1983
1984
1984
1984
1984
1985
1989
1991
1991
1991
1992
1993
1993
1993
1994
1995
1996
1998
1998
2001
2002
2002
2003
2004
2005
2008
2009
2009
2012
2012
2012
2014
2014
2014
2015
2018
2018
2019
2019
2019
2020
2021
2023
2023
2024
2026
2026
2026
2027
2028
2028
2029
2030
2031
2031
2031
2032
2032
2034
2036
2036
2040
2040
2041
2042
2042
2043
2044
2046
2046
2046
2047
2047
2049
2052
2052
2052
2054
2055
2056
2057
2057
2057
2057
2058
2059
2060
2061
2061
2062
2062
2062
2064
2065
2065
2066
2066
2066
2067
2068
2069
2071
2071
2072
2072
2074
2077
2077
2078
2078
2078
2080
2080
2081
2082
2082
2082
2082
2083
2083
2084
2085
2085
2086
2086
2087
2087
2087
2089
2090
2090
2091
2092
2093
2093
2094
2094
2096
2096
2097
2099
2099
2100
2100
2101
2103
2103
2104
2104
2106
2106
2106
2106
2107
2108
2109
2109
2109
2109
2110
2110
2111
2111
2114
2114
2114
2116
2116
2116
2117
2118
2118
2120
2120
2120
2121
2122
2123
2123
2125
2125
2127
2128
2128
2129
2129
2129
2131
2132
2132
2133
2134
2135
2135
2136
2137
2141
2144
2147
2148
2149
2149
2151
2151
2156
2157
2159
2161
2162
2163
2163
2164
2165
2167
2168
2171
2172
2174
2175
2176
2178
2178
2179
2179
2181
2181
2182
2183
2184
2185
2186
2188
2188
2189
2189
2190
2193
2196
2197
2197
2198
2198
2202
2203
2204
2205
2205
2205
2206
2207
2208
2209
2209
2211
2213
2214
2217
2218
2218
2218
2220
2220
2220
2221
2222
2223
2223
2224
2224
2225
2226
2228
2228
2229
2230
2231
2231
2234
2234
2234
2235
2236
2237
2237
2237
2238
2238
2241
2244
2244
2246
2246
2249
2252
2252
2252
2252
2254
2255
2256
2256
2257
2258
2258
2258
2258
2259
2260
2262
2262
2263
2264
2265
2265
2267
2267
2267
2268
2268
2268
2268
2273
2273
2274
2276
2276
2277
2277
2278
2279
2280
2280
2281
2281
2282
2282
2283
2283
2284
2285
2285
2285
2285
2286
2286
2286
2287
2287
2289
2289
2291
2293
2293
2293
2294
2294
2295
2295
2296
2297
2298
2298
2301
2302
2304
2304
2304
2304
2304
2306
2306
2310
2311
2312
2313
2313
2314
2314
2314
2314
2314
2316
2317
2318
2318
2319
2320
2321
2321
2322
2322
2323
2323
2325
2326
2326
2328
2328
2328
2330
2330
2330
2332
2333
2334
2334
2335
2336
2337
2337
2337
2338
2339
2340
2340
2341
2342
2343
2343
2344
2344
2344
2344
2347
2347
2347
2350
2350
2351
2351
2352
2353
2355
2355
2355
2356
2357
2358
2361
2364
2365
2366
2366
2366
2366
2367
2369
2369
2371
2372
2372
2374
2375
2375
2375
2376
2376
2376
2378
2379
2380
2380
2380
2381
2383
2383
2383
2384
2385
2385
2385
2388
2390
2391
2392
2393
2394
2395
2396
2397
2397
2398
2398
2398
2400
2400
2402
2402
2403
2405
2406
2407
2407
2407
2408
2408
2409
2410
2410
2412
2413
2413
2414
2414
2415
2415
2415
2417
2417
2421
2421
2424
2427
2427
2428
2430
2430
2431
2433
2433
2434
2434
2435
2436
2438
2439
2440
2442
2443
2446
2448
2449
2451
2451
2451
2451
2451
2452
2453
2455
2456
2456
2457
2457
2457
2459
2459
2459
2461
2463
2464
2465
2465
2466
2466
2467
2467
2468
2469
2470
2470
2471
2471
2472
2472
2473
2474
2475
2476
2476
2476
2477
2478
2481
2481
2483
2483
2486
2487
2489
2489
2491
2491
2493
2493
2493
2493
2494
2494
2495
2496
2497
2498
2500
2501
2502
2502
2504
2504
2505
2505
2506
2506
2506
2507
2508
2508
2509
2510
2510
2513
2514
2514
2514
2515
2515
2516
2516
2516
2516
2516
2516
2516
2517
2518
2518
2518
2519
2519
2522
2523
2524
2525
2526
2526
2528
2528
2529
2531
2531
2531
2533
2533
2533
2535
2537
2539
2539
2540
2540
2540
2540
2541
2542
2543
2545
2545
2549
2550
2550
2550
2552
2553
2553
2553
2554
2554
2554
2555
2555
2557
2557
2557
2558
2558
2560
2560
2561
2564
2564
2565
2568
2568
2569
2569
2569
2570
2571
2572
2572
2572
2572
2572
2573
2574
2575
2575
2576
2577
2577
2578
2578
2579
2580
2580
2581
2581
2581
2582
2582
2582
2582
2583
2583
2583
2584
2584
2584
2587
2587
2588
2589
2589
2589
2589
2590
2590
2590
2593
2593
2594
2594
2594
2595
2596
2597
2597
2599
2599
2601
2601
2602
2602
2602
2602
2602
2603
2603
2604
2604
2607
2608
2608
2608
2609
2611
2611
2612
2612
2613
2614
2614
2614
2615
2616
2617
2620
2620
2621
2622
2624
2625
2626
2627
2628
2628
2629
2629
2629
2632
2633
2633
2634
2635
2636
2636
2637
2638
2638
2638
2639
2640
2640
2640
2641
2641
2642
2642
2642
2643
2644
2646
2647
2647
2648
2648
2649
2650
2650
2650
2651
2652
2652
2653
2653
2654
2656
2657
2659
2660
2660
2662
2663
2664
2664
2664
2664
2664
2665
2666
2667
2667
2667
2668
2669
2670
2671
2671
2671
2672
2673
2675
2675
2676
2676
2678
2678
2678
2679
2681
2682
2682
2684
2684
2685
2687
2689
2690
2691
2691
2691
2692
2692
2692
2692
2692
2693
2693
2695
2699
2699
2700
2700
2700
2701
2702
2704
2704
2705
2705
2705
2705
2706
2706
2707
2708
2709
2710
2710
2712
2712
2712
2714
2714
2715
2715
2716
2716
2717
2717
2718
2718
2720
2721
2721
2723
2723
2723
2725
2727
2728
2728
2728
2728
2728
2729
2729
2729
2730
2730
2730
2731
2731
2732
2733
2734
2734
2734
2735
2735
2735
2736
2737
2737
2738
2739
2739
2739
2740
2742
2743
2743
2746
2747
2748
2748
2749
2752
2752
2753
2753
2753
2754
2754
2755
2756
2757
2758
2758
2760
2760
2761
2762
2763
2763
2764
2764
2765
2766
2766
2767
2770
2771
2772
2772
2772
2773
2773
2776
2776
2776
2776
2776
2776
2780
2781
2781
2782
2783
2783
2783
2784
2785
2785
2786
2787
2788
2791
2791
2791
2792
2792
2792
2794
2796
2796
2797
2797
2801
2801
2802
2802
2803
2803
2804
2806
2807
2808
2808
2810
2810
2811
2813
2813
2814
2815
2815
2815
2816
2817
2817
2817
2817
2818
2819
2820
2821
2822
2822
2823
2823
2824
2827
2829
2829
2831
2831
2831
2836
2836
2837
2837
2838
2838
2840
2841
2841
2842
2842
2843
2843
2844
2845
2847
2847
2849
2851
2852
2852
2854
2855
2856
2857
2857
2858
2859
2865
2865
2865
2867
2867
2868
2869
2869
2870
2873
2873
2874
2875
2876
2877
2877
2880
2881
2882
2883
2883
2885
2886
2886
2888
2888
2888
2888
2889
2890
2890
2891
2892
2892
2892
2893
2893
2893
2894
2894
2894
2894
2897
2897
2898
2898
2899
2899
2900
2900
2900
2901
2903
2903
2903
2904
2905
2905
2905
2906
2906
2907
2908
2908
2909
2909
2909
2910
2911
2911
2912
2912
2913
2915
2916
2916
2916
2916
2920
2922
2922
2923
2924
2925
2926
2926
2927
2928
2931
2932
2933
2935
2936
2937
2937
2937
2937
2938
2938
2938
2940
2941
2941
2941
2942
2942
2942
2942
2943
2944
2944
2945
2947
2947
2949
2951
2951
2952
2952
2953
2953
2954
2954
2958
2959
2960
2961
2961
2963
2964
2964
2965
2965
2965
2966
2966
2967
2968
2970
2972
2975
2975
2975
2976
2977
2978
2979
2980
2982
2983
2984
2985
2986
2986
2987
2988
2989
2989
2990
2991
2991
2991
2993
2994
2996
2998
2998
2998
2999
3000
3000
3000
3005
3007
3008
3008
3009
3010
3014
3015
3016
3017
3017
3018
3019
3020
3023
3023
3023
3023
3023
3024
3026
3026
3028
3029
3030
3031
3032
3036
3036
3038
3039
3039
3039
3039
3042
3046
3047
3047
3047
3047
3048
3050
3052
3052
3052
3052
3054
3054
3054
3054
3056
3058
3060
3060
3061
3061
3062
3065
3066
3066
3067
3067
3067
3068
3068
3068
3069
3070
3071
3072
3073
3073
3073
3074
3075
3075
3075
3076
3078
3080
3080
3081
3081
3082
3083
3084
3084
3084
3085
3086
3086
3086
3086
3087
3091
3093
3093
3093
3094
3094
3095
3095
3096
3098
3099
3101
3101
3102
3102
3103
3105
3105
3107
3107
3109
3110
3110
3113
3114
3114
3115
3116
3116
3116
3116
3117
3117
3118
3118
3119
3119
3120
3120
3123
3123
3123
3124
3125
3125
3126
3127
3127
3127
3127
3128
3128
3129
3129
3129
3129
3129
3129
3130
3132
3134
3136
3136
3137
3138
3139
3139
3141
3141
3142
3142
3142
3144
3145
3146
3147
3148
3148
3148
3150
3152
3153
3156
3156
3157
3157
3157
3158
3159
3159
3159
3159
3160
3160
3162
3162
3163
3163
3163
3164
3164
3165
3165
3165
3165
3166
3166
3167
3167
3169
3169
3170
3171
3171
3172
3172
3173
3175
3175
3176
3177
3177
3177
3178
3179
3182
3183
3186
3187
3189
3189
3189
3189
3189
3190
3190
3190
3191
3194
3195
3195
3196
3197
3197
3198
3199
3199
3199
3199
3200
3202
3204
3204
3205
3206
3207
3207
3209
3209
3210
3211
3211
3212
3213
3213
3214
3214
3214
3215
3215
3215
3216
3216
3216
3216
3216
3217
3217
3219
3219
3221
3221
3222
3222
3223
3223
3224
3224
3224
3225
3226
3226
3227
3228
3228
3228
3229
3229
3230
3232
3232
3234
3235
3236
3238
3244
3244
3244
3247
3251
3252
3253
3257
3258
3258
3258
3261
3261
3261
3262
3262
3263
3263
3264
3264
3267
3268
3269
3270
3272
3272
3272
3272
3273
3273
3273
3274
3275
3275
3275
3276
3276
3277
3278
3279
3279
3280
3281
3282
3286
3286
3286
3286
3287
3287
3288
3289
3290
3290
3290
3292
3292
3292
3295
3295
3296
3296
3296
3296
3300
3300
3300
3301
3302
3303
3304
3304
3304
3304
3305
3306
3308
3308
3309
3309
3310
3311
3312
3312
3313
3313
3314
3314
3315
3315
3317
3318
3319
3324
3325
3326
3326
3330
3330
3331
3331
3333
3333
3333
3334
3334
3335
3337
3337
3339
3339
3340
3340
3342
3344
3345
3345
3347
3350
3351
3351
3353
3353
3353
3353
3354
3355
3357
3360
3361
3361
3362
3363
3364
3365
3365
3367
3367
3368
3368
3371
3371
3371
3373
3373
3374
3374
3374
3376
3377
3377
3377
3377
3378
3378
3378
3380
3381
3381
3383
3384
3384
3384
3386
3387
3387
3387
3388
3388
3390
3390
3390
3391
3391
3392
3395
3397
3398
3399
3399
3400
3400
3400
3401
3401
3402
3402
3402
3403
3405
3406
3407
3408
3410
3413
3413
3413
3414
3415
3415
3416
3416
3418
3419
3419
3420
3421
3422
3424
3425
3426
3426
3427
3427
3428
3428
3428
3429
3430
3432
3432
3434
3434
3435
3435
3435
3436
3437
3437
3438
3442
3442
3443
3444
3445
3446
3447
3447
3448
3448
3451
3451
3451
3452
3453
3454
3456
3456
3456
3456
3457
3457
3458
3458
3458
3459
3459
3462
3462
3463
3464
3464
3464
3465
3467
3467
3471
3471
3472
3473
3474
3474
3476
3477
3478
3479
3479
3480
3482
3483
3483
3483
3484
3484
3485
3486
3486
3489
3489
3489
3492
3492
3494
3496
3496
3496
3496
3497
3497
3497
3497
3498
3500
3501
3502
3502
3503
3503
3503
3503
3504
3506
3510
3510
3510
3513
3514
3514
3514
3515
3516
3520
3520
3520
3520
3522
3522
3523
3525
3525
3525
3526
3526
3526
3529
3529
3530
3531
3531
3532
3532
3532
3532
3533
3534
3534
3534
3535
3535
3535
3536
3538
3538
3538
3540
3540
3541
3543
3543
3544
3544
3544
3546
3547
3548
3548
3548
3548
3548
3548
3549
3549
3550
3550
3550
3551
3551
3552
3553
3554
3555
3555
3556
3556
3557
3558
3558
3558
3558
3559
3561
3562
3564
3565
3567
3569
3569
3569
3569
3570
3570
3572
3574
3574
3575
3575
3576
3577
3579
3579
3582
3583
3583
3585
3586
3586
3587
3588
3588
3589
3589
3590
3591
3591
3594
3596
3597
3597
3598
3598
3598
3600
3600
3602
3604
3604
3606
3606
3606
3606
3607
3607
3608
3609
3609
3610
3611
3612
3612
3614
3614
3614
3615
3616
3616
3618
3619
3620
3621
3621
3622
3623
3623
3623
3624
3624
3625
3625
3625
3626
3626
3627
3627
3629
3630
3631
3632
3634
3636
3636
3637
3638
3638
3640
3640
3641
3641
3641
3644
3644
3644
3644
3645
3646
3650
3651
3651
3652
3653
3656
3659
3661
3661
3662
3664
3666
3666
3667
3668
3669
3669
3669
3670
3670
3670
3672
3673
3674
3674
3674
3674
3676
3676
3677
3677
3678
3678
3679
3680
3681
3682
3682
3682
3682
3682
3684
3686
3686
3687
3687
3688
3690
3690
3691
3691
3692
3693
3694
3694
3694
3695
3696
3696
3696
3696
3697
3697
3698
3701
3702
3702
3702
3704
3704
3704
3704
3705
3705
3705
3706
3707
3707
3707
3708
3710
3711
3713
3713
3714
3714
3715
3715
3716
3716
3716
3717
3717
3717
3719
3719
3720
3720
3721
3722
3722
3723
3723
3726
3727
3727
3729
3732
3732
3734
3736
3737
3738
3739
3739
3740
3740
3741
3743
3743
3750
3754
3755
3755
3756
3756
3758
3759
3760
3765
3767
3767
3767
3768
3770
3770
3770
3770
3771
3771
3771
3771
3771
3772
3773
3775
3776
3777
3777
3779
3780
3780
3780
3780
3783
3784
3784
3785
3786
3787
3788
3789
3789
3790
3791
3792
3793
3794
3794
3794
3795
3796
3796
3797
3797
3798
3798
3799
3799
3800
3801
3803
3804
3805
3805
3807
3807
3807
3807
3808
3808
3809
3810
3811
3812
3812
3813
3814
3814
3815
3818
3819
3819
3820
3821
3822
3823
3823
3823
3824
3825
3826
3828
3829
3830
3831
3831
3831
3831
3832
3833
3833
3834
3834
3834
3835
3835
3835
3838
3838
3839
3839
3840
3840
3841
3842
3842
3843
3843
3843
3844
3844
3845
3849
3849
3850
3853
3854
3854
3854
3857
3858
3858
3859
3859
3859
3860
3861
3862
3862
3862
3863
3864
3865
3867
3869
3870
3870
3870
3873
3874
3874
3874
3874
3875
3875
3876
3876
3877
3878
3879
3879
3880
3880
3880
3880
3880
3880
3881
3883
3886
3886
3886
3886
3887
3888
3888
3890
3891
3893
3893
3894
3895
3895
3895
3895
3896
3896
3898
3898
3899
3902
3902
3905
3905
3906
3907
3907
3911
3911
3912
3912
3914
3914
3915
3916
3916
3918
3918
3920
3922
3923
3924
3925
3925
3925
3925
3926
3926
3927
3928
3929
3929
3929
3930
3931
3932
3933
3933
3933
3933
3934
3934
3935
3935
3936
3937
3937
3937
3937
3938
3939
3941
3941
3943
3943
3946
3947
3947
3947
3947
3948
3948
3948
3951
3952
3953
3954
3957
3957
3957
3957
3959
3960
3960
3960
3961
3961
3961
3962
3962
3963
3963
3963
3965
3966
3966
3967
3968
3968
3969
3969
3969
3970
3970
3971
3972
3972
3973
3975
3975
3976
3976
3978
3978
3981
3981
3982
3983
3984
3984
3984
3984
3984
3985
3985
3985
3986
3987
3987
3988
3988
3989
3990
3990
3990
3990
3991
3994
3994
3994
3995
3995
3996
3997
3998
3998
4001
4001
4001
4002
4002
4004
4004
4005
4006
4006
4006
4007
4007
4007
4008
4010
4012
4012
4014
4015
4016
4016
4016
4017
4019
4019
4020
4021
4023
4023
4024
4024
4024
4025
4025
4026
4026
4026
4026
4027
4027
4028
4030
4030
4031
4031
4031
4032
4032
4032
4033
4033
4033
4034
4035
4035
4037
4037
4038
4039
4039
4039
4039
4040
4041
4041
4041
4042
4042
4043
4044
4045
4045
4046
4047
4048
4049
4050
4050
4051
4051
4051
4052
4053
4054
4055
4055
4056
4057
4057
4058
4058
4060
4060
4060
4061
4061
4061
4061
4063
4063
4063
4064
4065
4065
4066
4066
4068
4068
4069
4069
4069
4069
4070
4070
4070
4071
4073
4074
4074
4074
4075
4075
4075
4076
4078
4078
4079
4082
4083
4084
4084
4085
4085
4088
4089
4089
4089
4090
4090
4091
4092
4093
4094
4094
4095
4095
4096
4097
4097
4098
4098
4098
4099
4099
4099
4101
4101
4101
4103
4104
4107
4108
4109
4109
4111
4112
4113
4113
4114
4114
4115
4115
4123
4123
4126
4127
4129
4130
4131
4133
4133
4137
4138
4138
4138
4138
4139
4140
4140
4140
4141
4142
4143
4143
4144
4145
4145
4146
4146
4146
4147
4148
4148
4148
4150
4151
4151
4151
4152
4152
4152
4153
4153
4153
4154
4155
4157
4157
4158
4158
4159
4159
4159
4161
4161
4162
4163
4165
4166
4167
4169
4171
4171
4172
4173
4174
4175
4176
4176
4176
4177
4177
4181
4181
4181
4182
4183
4183
4185
4186
4187
4187
4187
4188
4188
4189
4190
4190
4191
4192
4192
4192
4193
4194
4195
4196
4196
4196
4197
4197
4198
4198
4199
4200
4200
4200
4202
4202
4202
4204
4204
4205
4207
4208
4208
4209
4210
4210
4211
4211
4211
4211
4212
4212
4212
4212
4212
4213
4215
4217
4218
4218
4218
4220
4220
4221
4223
4226
4226
4226
4229
4232
4233
4234
4235
4235
4235
4237
4238
4239
4239
4239
4240
4240
4241
4241
4241
4242
4242
4242
4242
4243
4245
4245
4246
4247
4247
4248
4248
4249
4250
4251
4252
4252
4253
4253
4255
4255
4256
4256
4256
4258
4258
4259
4260
4261
4261
4263
4263
4264
4264
4268
4270
4271
4271
4271
4271
4273
4273
4274
4274
4274
4275
4279
4279
4280
4282
4283
4284
4285
4285
4285
4286
4287
4288
4288
4288
4289
4289
4289
4289
4290
4290
4291
4292
4293
4294
4295
4296
4296
4297
4297
4298
4298
4299
4299
4300
4300
4300
4301
4302
4303
4304
4304
4305
4305
4305
4309
4310
4310
4312
4313
4314
4314
4317
4317
4317
4318
4319
4319
4319
4323
4327
4329
4329
4330
4331
4331
4331
4332
4336
4338
4339
4344
4344
4344
4345
4347
4347
4347
4348
4349
4349
4350
4351
4352
4352
4352
4358
4358
4360
4362
4363
4364
4364
4364
4364
4366
4366
4366
4366
4366
4367
4368
4369
4370
4370
4370
4371
4372
4372
4372
4373
4375
4376
4376
4376
4377
4377
4378
4379
4379
4381
4381
4381
4382
4383
4383
4383
4383
4384
4384
4384
4385
4386
4386
4386
4387
4389
4390
4392
4393
4394
4395
4397
4397
4397
4398
4399
4399
4400
4401
4401
4401
4403
4403
4404
4404
4406
4406
4407
4407
4407
4408
4409
4409
4410
4411
4411
4413
4413
4414
4414
4414
4416
4417
4417
4418
4418
4418
4418
4419
4421
4421
4422
4424
4425
4428
4428
4428
4429
4429
4431
4434
4434
4435
4435
4436
4436
4437
4438
4438
4439
4440
4441
4441
4442
4443
4444
4449
4449
4452
4453
4453
4454
4455
4456
4456
4456
4456
4457
4458
4459
4460
4460
4460
4461
4463
4464
4464
4465
4465
4466
4467
4467
4467
4468
4468
4469
4469
4470
4472
4472
4474
4474
4475
4475
4477
4477
4479
4479
4480
4481
4481
4483
4483
4484
4486
4486
4488
4488
4489
4489
4490
4491
4492
4493
4493
4497
4498
4499
4499
4501
4501
4501
4503
4506
4506
4507
4507
4507
4508
4509
4512
4513
4514
4515
4516
4516
4517
4518
4522
4522
4522
4523
4524
4524
4525
4525
4526
4527
4528
4529
4531
4531
4532
4533
4534
4535
4536
4537
4539
4540
4541
4541
4542
4542
4542
4542
4542
4543
4543
4544
4544
4545
4545
4546
4546
4547
4547
4548
4549
4550
4550
4551
4552
4553
4553
4554
4556
4556
4557
4557
4557
4557
4558
4559
4560
4560
4561
4562
4562
4562
4563
4563
4564
4565
4565
4566
4566
4567
4567
4569
4569
4569
4569
4569
4570
4571
4572
4572
4572
4573
4573
4573
4573
4575
4575
4575
4576
4576
4577
4578
4580
4580
4581
4583
4585
4587
4587
4587
4587
4588
4588
4589
4589
4590
4592
4592
4592
4593
4593
4593
4595
4597
4597
4597
4598
4598
4599
4600
4601
4602
4602
4603
4606
4607
4607
4608
4610
4610
4610
4611
4611
4611
4612
4613
4614
4614
4614
4614
4615
4616
4618
4618
4618
4619
4620
4623
4624
4625
4625
4626
4626
4628
4628
4628
4628
4630
4631
4632
4634
4634
4635
4636
4636
4637
4639
4639
4640
4640
4641
4641
4642
4643
4643
4643
4644
4644
4644
4646
4646
4647
4647
4647
4648
4649
4649
4649
4650
4651
4651
4653
4653
4653
4653
4656
4658
4660
4660
4660
4661
4663
4663
4665
4665
4666
4666
4666
4666
4666
4667
4668
4668
4668
4668
4669
4669
4669
4670
4671
4672
4672
4673
4673
4673
4675
4677
4678
4678
4680
4680
4681
4682
4682
4682
4683
4684
4691
4692
4693
4694
4694
4695
4695
4696
4696
4697
4697
4698
4698
4698
4698
4699
4699
4699
4700
4701
4702
4702
4703
4704
4705
4705
4706
4706
4707
4709
4710
4710
4710
4714
4714
4715
4715
4715
4716
4717
4717
4720
4720
4722
4722
4723
4724
4726
4727
4727
4728
4729
4730
4730
4732
4733
4733
4733
4735
4737
4737
4741
4741
4742
4743
4744
4745
4745
4746
4746
4747
4750
4750
4750
4751
4753
4755
4756
4756
4756
4757
4758
4760
4760
4762
4762
4764
4764
4764
4765
4765
4766
4766
4766
4766
4770
4771
4771
4772
4774
4774
4774
4774
4774
4776
4776
4776
4777
4777
4777
4777
4778
4779
4779
4780
4780
4782
4782
4782
4783
4784
4784
4785
4785
4786
4787
4787
4788
4788
4788
4788
4789
4789
4790
4792
4792
4792
4793
4793
4793
4794
4794
4794
4794
4796
4798
4799
4799
4800
4800
4801
4803
4805
4805
4805
4807
4808
4809
4810
4811
4812
4814
4815
4817
4817
4819
4820
4821
4826
4827
4827
4828
4828
4830
4832
4832
4834
4834
4835
4835
4835
4836
4838
4838
4839
4839
4841
4842
4843
4843
4843
4845
4845
4845
4846
4846
4847
4849
4849
4851
4852
4852
4853
4853
4853
4853
4854
4855
4855
4856
4857
4857
4858
4858
4858
4861
4862
4863
4863
4863
4864
4867
4868
4868
4869
4869
4869
4871
4872
4874
4874
4875
4876
4879
4880
4880
4880
4881
4883
4883
4883
4885
4885
4888
4888
4889
4889
4890
4891
4892
4893
4893
4893
4894
4895
4896
4896
4899
4899
4899
4900
4903
4903
4903
4904
4905
4908
4909
4909
4910
4910
4910
4911
4913
4914
4914
4916
4917
4918
4919
4919
4920
4921
4923
4924
4925
4925
4927
4927
4927
4927
4927
4930
4930
4931
4931
4932
4933
4934
4937
4938
4939
4939
4940
4940
4942
4943
4944
4944
4944
4944
4945
4947
4948
4951
4955
4956
4957
4957
4958
4959
4960
4960
4962
4964
4964
4965
4968
4969
4969
4969
4970
4972
4973
4973
4974
4975
4977
4978
4978
4979
4979
4979
4979
4979
4979
4980
4980
4982
4983
4983
4987
4988
4990
4991
4992
4993
4994
4995
4995
4996
4996
4997
4998
4998
4998
4999
5000
5002
5002
5003
5005
5005
5006
5007
5008
5008
5010
5011
5012
5012
5013
5014
5015
5017
5018
5019
5021
5022
5024
5024
5026
5027
5029
5029
5029
5030
5030
5030
5034
5034
5035
5036
5038
5038
5039
5040
5040
5041
5041
5044
5045
5045
5047
5047
5048
5048
5048
5049
5049
5050
5051
5051
5051
5055
5056
5057
5058
5058
5058
5060
5061
5061
5062
5062
5063
5063
5065
5065
5065
5065
5066
5067
5068
5069
5070
5070
5070
5070
5071
5071
5072
5072
5074
5075
5080
5082
5082
5083
5085
5085
5087
5087
5087
5090
5092
5092
5093
5095
5096
5097
5097
5098
5099
5099
5101
5101
5103
5105
5105
5106
5106
5107
5107
5109
5109
5110
5111
5111
5113
5115
5116
5116
5118
5122
5123
5123
5123
5123
5124
5125
5125
5125
5126
5127
5128
5129
5129
5131
5132
5132
5134
5134
5135
5136
5137
5138
5138
5139
5142
5143
5144
5144
5144
5146
5146
5147
5147
5148
5148
5149
5150
5151
5152
5153
5154
5155
5157
5158
5159
5160
5160
5161
5162
5163
5164
5164
5164
5166
5166
5167
5167
5170
5170
5171
5171
5171
5172
5172
5173
5174
5174
5175
5176
5176
5177
5180
5182
5182
5182
5184
5188
5189
5190
5190
5194
5195
5195
5196
5197
5197
5199
5200
5202
5203
5204
5205
5206
5206
5206
5209
5210
5212
5212
5213
5213
5216
5218
5219
5220
5221
5223
5223
5223
5224
5224
5227
5229
5230
5230
5230
5230
5231
5231
5232
5232
5232
5233
5233
5233
5234
5235
5236
5237
5237
5237
5237
5237
5238
5238
5238
5239
5239
5239
5240
5240
5240
5240
5243
5244
5246
5250
5252
5252
5253
5254
5254
5255
5256
5256
5256
5257
5258
5259
5260
5265
5265
5266
5266
5267
5268
5270
5272
5274
5275
5276
5276
5276
5278
5278
5279
5280
5280
5281
5283
5283
5283
5284
5284
5285
5285
5286
5286
5287
5287
5287
5288
5289
5290
5290
5291
5292
5294
5295
5295
5295
5296
5297
5300
5300
5300
5300
5302
5303
5303
5304
5304
5304
5306
5307
5307
5308
5308
5310
5311
5311
5313
5316
5316
5321
5323
5323
5323
5324
5326
5331
5331
5331
5333
5334
5334
5334
5337
5338
5338
5339
5340
5341
5343
5344
5345
5345
5347
5347
5348
5349
5350
5352
5352
5354
5354
5355
5356
5357
5358
5358
5358
5360
5360
5363
5364
5365
5366
5367
5368
5370
5370
5371
5372
5372
5375
5377
5377
5377
5378
5378
5379
5379
5380
5381
5381
5382
5383
5385
5388
5390
5391
5392
5392
5392
5393
5394
5397
5398
5399
5399
5405
5406
5406
5407
5407
5409
5409
5411
5411
5412
5412
5413
5414
5415
5415
5415
5416
5417
5417
5418
5419
5419
5419
5420
5420
5420
5421
5423
5423
5423
5426
5426
5427
5427
5428
5428
5429
5432
5433
5433
5433
5433
5434
5435
5436
5437
5440
5441
5442
5443
5445
5446
5446
5447
5447
5447
5448
5448
5448
5448
5449
5449
5449
5450
5451
5451
5451
5452
5454
5454
5455
5456
5457
5459
5459
5459
5460
5460
5461
5462
5462
5463
5466
5466
5466
5467
5471
5471
5471
5471
5471
5471
5473
5473
5473
5475
5475
5475
5476
5476
5479
5479
5480
5480
5480
5480
5483
5485
5485
5486
5488
5490
5490
5491
5491
5492
5494
5496
5496
5498
5500
5502
5503
5504
5506
5508
5508
5509
5509
5509
5511
5511
5512
5513
5513
5513
5515
5515
5516
5516
5517
5517
5518
5519
5521
5521
5521
5523
5523
5524
5524
5525
5525
5526
5527
5527
5527
5528
5528
5528
5528
5531
5531
5532
5532
5533
5534
5534
5535
5536
5537
5537
5537
5537
5538
5540
5542
5543
5543
5544
5545
5547
5547
5548
5550
5550
5553
5555
5556
5556
5556
5556
5556
5557
5557
5558
5558
5558
5559
5560
5561
5561
5562
5563
5563
5563
5564
5564
5564
5564
5564
5565
5566
5566
5569
5569
5569
5569
5570
5570
5573
5573
5573
5573
5574
5576
5578
5580
5581
5582
5584
5585
5586
5586
5587
5587
5588
5588
5590
5591
5591
5594
5596
5596
5597
5601
5603
5604
5604
5605
5605
5606
5608
5609
5611
5611
5612
5612
5614
5614
5615
5616
5616
5618
5619
5619
5621
5621
5621
5621
5622
5622
5623
5623
5624
5624
5625
5625
5625
5626
5626
5628
5629
5629
5630
5630
5630
5632
5633
5633
5635
5635
5636
5637
5637
5637
5638
5638
5640
5640
5641
5641
5641
5642
5643
5643
5643
5645
5645
5646
5646
5647
5647
5649
5649
5650
5651
5651
5653
5654
5655
5655
5655
5656
5659
5660
5661
5663
5663
5667
5668
5670
5671
5671
5672
5673
5674
5674
5676
5677
5678
5679
5680
5681
5682
5683
5683
5684
5685
5689
5690
5693
5693
5695
5695
5696
5696
5696
5697
5697
5697
5697
5699
5699
5699
5700
5700
5700
5700
5701
5702
5703
5704
5705
5706
5709
5712
5712
5716
5717
5717
5718
5718
5719
5720
5720
5721
5721
5722
5722
5723
5724
5724
5725
5726
5729
5730
5730
5733
5733
5734
5734
5735
5736
5736
5737
5738
5739
5739
5739
5739
5740
5743
5744
5747
5747
5748
5749
5749
5752
5753
5753
5754
5754
5755
5756
5756
5757
5758
5758
5759
5759
5764
5764
5766
5767
5767
5768
5769
5770
5770
5773
5774
5774
5775
5776
5777
5777
5781
5783
5783
5786
5787
5787
5788
5788
5791
5792
5792
5794
5794
5796
5796
5796
5796
5797
5798
5798
5802
5803
5804
5805
5806
5810
5811
5811
5812
5814
5815
5815
5816
5817
5819
5820
5823
5824
5824
5825
5826
5827
5827
5829
5834
5835
5835
5836
5836
5836
5838
5840
5843
5843
5844
5844
5844
5847
5847
5847
5848
5848
5849
5851
5853
5854
5856
5858
5859
5859
5859
5861
5861
5861
5862
5863
5865
5865
5866
5868
5869
5870
5871
5872
5873
5873
5874
5875
5875
5876
5876
5876
5878
5879
5880
5882
5883
5887
5888
5891
5893
5895
5898
5900
5900
5902
5903
5904
5906
5906
5910
5910
5913
5914
5915
5915
5915
5916
5916
5917
5917
5919
5919
5919
5920
5922
5922
5923
5925
5925
5926
5927
5927
5930
5935
5936
5938
5942
5944
5946
5946
5947
5948
5948
5949
5950
5951
5954
5957
5957
5957
5959
5960
5961
5962
5964
5965
5966
5967
5968
5968
5969
5970
5971
5972
5974
5977
5977
5977
5981
5982
5983
5984
5986
5986
5988
5990
5991
5993
5993
5996
5997
5999
6001
6001
6001
6001
6003
6004
6005
6005
6006
6008
6012
6014
6014
6017
6018
6021
6024
6024
6024
6024
6025
6030
6031
6032
6032
6036
6038
6039
6040
6040
6041
6042
6042
6042
6043
6043
6043
6043
6043
6045
6045
6046
6049
6051
6052
6055
6055
6056
6056
6057
6058
6061
6063
6063
6064
6066
6067
6069
6070
6070
6071
6072
6073
6074
6074
6077
6077
6078
6080
6080
6080
6080
6083
6084
6084
6085
6085
6089
6089
6090
6091
6092
6092
6092
6093
6099
6100
6100
6101
6101
6103
6104
6104
6104
6105
6105
6105
6107
6107
6111
6113
6114
6114
6115
6116
6119
6120
6121
6123
6123
6126
6126
6129
6130
6132
6133
6134
6134
6135
6136
6137
6137
6137
6138
6138
6138
6140
6140
6142
6143
6144
6144
6146
6148
6149
6151
6151
6154
6155
6155
6156
6159
6159
6165
6166
6169
6171
6171
6171
6173
6174
6175
6177
6177
6177
6178
6181
6182
6184
6184
6185
6185
6186
6186
6187
6190
6192
6195
6197
6197
6200
6201
6202
6203
6205
6208
6209
6210
6210
6210
6211
6212
6214
6214
6217
6218
6220
6223
6224
6224
6224
6225
6225
6225
6225
6225
6227
6231
6233
6233
6233
6234
6235
6235
6236
6236
6237
6238
6238
6239
6240
6240
6241
6241
6241
6244
6246
6247
6247
6248
6248
6249
6250
6251
6251
6251
6255
6255
6256
6260
6261
6263
6264
6264
6266
6266
6267
6269
6269
6269
6269
6271
6272
6273
6274
6275
6275
6277
6278
6279
6280
6280
6281
6282
6284
6285
6286
6288
6288
6289
6292
6294
6294
6295
6295
6296
6297
6299
6299
6299
6299
6300
6303
6307
6307
6308
6309
6309
6309
6309
6310
6310
6310
6313
6313
6315
6316
6318
6318
6320
6320
6326
6327
6327
6329
6331
6332
6332
6333
6334
6336
6336
6336
6336
6339
6340
6341
6343
6344
6344
6344
6345
6345
6347
6348
6349
6349
6350
6351
6352
6352
6354
6355
6356
6356
6360
6362
6363
6364
6364
6364
6369
6371
6371
6371
6372
6373
6373
6374
6374
6378
6382
6384
6385
6385
6385
6386
6387
6389
6389
6389
6390
6391
6391
6391
6392
6392
6392
6393
6393
6395
6395
6396
6397
6398
6399
6401
6401
6402
6403
6404
6404
6406
6408
6408
6409
6410
6411
6414
6415
6416
6419
6421
6421
6422
6423
6423
6423
6424
6424
6425
6430
6431
6432
6435
6436
6437
6437
6437
6443
6443
6443
6445
6447
6447
6448
6449
6454
6454
6454
6457
6459
6459
6460
6462
6462
6466
6466
6466
6466
6468
6468
6470
6470
6471
6472
6473
6474
6475
6475
6476
6477
6477
6477
6478
6478
6479
6479
6480
6481
6483
6483
6483
6484
6485
6485
6486
6489
6490
6491
6493
6493
6496
6496
6497
6498
6498
6498
6500
6501
6501
6501
6502
6506
6507
6509
6510
6512
6512
6513
6513
6514
6517
6517
6517
6519
6520
6520
6520
6521
6522
6523
6525
6529
6530
6533
6534
6536
6537
6539
6540
6540
6543
6543
6545
6545
6548
6549
6549
6551
6553
6554
6556
6557
6558
6558
6559
6564
6565
6566
6566
6566
6567
6568
6568
6572
6574
6578
6579
6579
6580
6581
6582
6582
6584
6584
6585
6586
6586
6586
6586
6587
6588
6592
6593
6595
6596
6596
6597
6597
6598
6599
6602
6603
6604
6605
6608
6609
6613
6614
6615
6615
6619
6621
6627
6628
6629
6629
6632
6632
6632
6633
6635
6638
6638
6639
6640
6642
6644
6644
6645
6649
6649
6650
6650
6650
6650
6650
6651
6653
6654
6655
6655
6656
6656
6657
6657
6658
6658
6660
6662
6664
6664
6664
6665
6665
6666
6667
6669
6669
6671
6671
6671
6671
6672
6672
6673
6674
6674
6675
6675
6676
6676
6677
6677
6677
6678
6680
6680
6683
6683
6684
6685
6685
6688
6692
6693
6694
6699
6699
6701
6701
6701
6701
6702
6702
6703
6703
6704
6706
6707
6709
6711
6712
6712
6713
6715
6715
6717
6717
6721
6721
6722
6723
6723
6725
6726
6732
6733
6733
6734
6738
6739
6741
6742
6743
6744
6746
6753
6753
6759
6759
6761
6762
6764
6766
6767
6767
6768
6771
6771
6772
6773
6774
6775
6778
6779
6781
6781
6782
6782
6783
6787
6788
6788
6790
6793
6794
6796
6797
6797
6799
6799
6799
6799
6800
6800
6801
6802
6806
6808
6810
6813
6813
6815
6816
6816
6817
6818
6819
6820
6821
6821
6821
6822
6822
6822
6822
6823
6823
6824
6825
6828
6829
6829
6829
6830
6830
6834
6835
6836
6836
6838
6839
6839
6839
6841
6841
6841
6843
6845
6846
6847
6847
6848
6848
6849
6851
6851
6851
6852
6852
6852
6852
6852
6857
6858
6860
6860
6860
6860
6861
6862
6863
6864
6867
6868
6870
6871
6871
6871
6874
6874
6876
6880
6881
6883
6884
6884
6886
6887
6890
6892
6897
6897
6898
6899
6900
6900
6900
6900
6900
6902
6904
6904
6904
6905
6906
6907
6910
6911
6915
6915
6919
6920
6922
6923
6924
6924
6924
6924
6925
6926
6926
6927
6928
6928
6929
6930
6931
6933
6935
6939
6943
6944
6944
6944
6945
6945
6947
6948
6949
6949
6950
6950
6951
6951
6951
6951
6953
6953
6954
6955
6958
6960
6964
6965
6966
6968
6970
6970
6971
6971
6972
6972
6976
6977
6979
6981
6981
6983
6983
6984
6984
6984
6986
6986
6986
6987
6987
6992
6993
6993
6994
6996
6997
6998
6999
6999
7001
7001
7004
7005
7008
7008
7009
7010
7012
7014
7015
7016
7018
7019
7019
7020
7021
7021
7022
7024
7025
7026
7027
7028
7031
7033
7035
7035
7036
7036
7038
7039
7040
7040
7041
7044
7044
7044
7047
7048
7054
7056
7057
7057
7057
7060
7061
7061
7062
7067
7068
7070
7070
7072
7074
7074
7076
7076
7076
7078
7079
7079
7080
7080
7081
7081
7081
7082
7083
7084
7085
7086
7088
7088
7089
7090
7090
7092
7097
7097
7097
7098
7099
7100
7100
7100
7103
7106
7107
7107
7108
7108
7109
7110
7110
7110
7112
7112
7112
7115
7116
7117
7119
7119
7119
7120
7121
7123
7126
7128
7129
7130
7130
7131
7131
7132
7132
7135
7135
7137
7138
7138
7139
7139
7140
7140
7140
7141
7142
7145
7146
7149
7149
7149
7149
7149
7149
7150
7151
7152
7152
7153
7153
7153
7153
7155
7158
7158
7162
7162
7162
7165
7165
7166
7167
7167
7168
7170
7171
7171
7172
7172
7173
7174
7174
7175
7178
7178
7182
7183
7183
7187
7190
7191
7191
7192
7194
7195
7196
7197
7198
7199
7200
7202
7203
7204
7205
7206
7206
7207
7212
7212
7214
7216
7216
7217
7218
7219
7219
7219
7219
7220
7220
7221
7222
7225
7225
7231
7231
7236
7237
7238
7239
7240
7242
7242
7242
7242
7243
7245
7246
7247
7247
7249
7249
7249
7250
7251
7252
7252
7252
7255
7258
7259
7259
7259
7260
7261
7261
7263
7263
7264
7270
7270
7271
7271
7272
7273
7274
7276
7277
7282
7283
7287
7287
7288
7288
7289
7290
7290
7291
7292
7294
7294
7295
7295
7296
7297
7297
7298
7298
7299
7299
7299
7301
7302
7304
7305
7306
7306
7307
7307
7309
7309
7309
7310
7311
7311
7312
7312
7313
7314
7315
7316
7324
7325
7325
7325
7326
7326
7327
7327
7328
7328
7331
7332
7333
7334
7334
7336
7336
7343
7343
7343
7345
7346
7347
7347
7348
7350
7352
7354
7355
7358
7362
7364
7365
7365
7366
7368
7368
7372
7374
7374
7376
7376
7379
7381
7381
7382
7382
7383
7386
7387
7387
7388
7388
7389
7390
7390
7396
7397
7397
7399
7400
7400
7403
7403
7405
7407
7409
7409
7410
7410
7412
7412
7413
7416
7416
7417
7419
7421
7423
7423
7424
7424
7425
7425
7425
7425
7426
7426
7426
7427
7427
7428
7429
7429
7430
7431
7431
7432
7433
7434
7434
7434
7435
7438
7438
7439
7441
7444
7445
7446
7447
7447
7448
7448
7449
7450
7450
7451
7451
7453
7454
7454
7456
7458
7459
7460
7461
7461
7464
7464
7467
7468
7469
7470
7470
7470
7471
7471
7472
7473
7474
7474
7474
7475
7475
7477
7477
7478
7479
7479
7481
7482
7482
7483
7484
7485
7485
7491
7492
7492
7501
7502
7503
7504
7504
7505
7506
7507
7507
7508
7509
7512
7515
7516
7516
7517
7518
7519
7520
7520
7520
7522
7523
7525
7525
7525
7525
7528
7529
7530
7533
7534
7535
7538
7539
7539
7540
7541
7542
7543
7544
7544
7544
7545
7545
7547
7547
7549
7549
7549
7550
7550
7551
7551
7551
7552
7553
7554
7554
7557
7560
7560
7561
7561
7561
7562
7564
7564
7565
7565
7566
7568
7570
7572
7573
7574
7574
7575
7575
7575
7575
7576
7577
7578
7581
7581
7582
7582
7583
7583
7583
7584
7585
7585
7586
7586
7586
7587
7588
7589
7590
7590
7591
7592
7593
7594
7594
7595
7595
7596
7598
7600
7602
7603
7606
7610
7610
7611
7612
7613
7614
7615
7616
7617
7620
7620
7620
7620
7622
7624
7624
7625
7625
7625
7627
7628
7629
7629
7630
7632
7632
7633
7633
7634
7635
7636
7637
7638
7639
7639
7640
7641
7643
7649
7649
7649
7650
7650
7651
7652
7653
7653
7653
7654
7654
7655
7655
7655
7656
7658
7658
7660
7662
7662
7663
7664
7667
7667
7669
7670
7670
7671
7672
7674
7674
7675
7676
7676
7678
7683
7684
7685
7685
7686
7686
7687
7688
7688
7689
7690
7691
7693
7694
7694
7694
7694
7696
7696
7697
7697
7700
7701
7702
7702
7704
7705
7710
7711
7712
7713
7717
7718
7719
7719
7721
7722
7723
7724
7724
7725
7725
7726
7727
7728
7728
7731
7733
7734
7734
7738
7739
7739
7740
7740
7742
7743
7743
7743
7744
7744
7744
7745
7746
7747
7747
7751
7752
7754
7755
7756
7756
7759
7759
7761
7762
7763
7766
7767
7768
7769
7770
7770
7772
7775
7776
7776
7777
7777
7779
7779
7780
7781
7781
7782
7785
7785
7789
7793
7793
7793
7794
7794
7794
7796
7796
7797
7798
7798
7798
7802
7804
7804
7805
7805
7805
7806
7814
7815
7816
7817
7818
7820
7820
7820
7820
7821
7823
7823
7823
7824
7824
7826
7832
7832
7832
7834
7836
7836
7836
7836
7838
7839
7842
7843
7844
7844
7846
7846
7847
7848
7852
7854
7854
7854
7855
7855
7856
7857
7857
7858
7859
7861
7861
7861
7862
7863
7865
7866
7867
7867
7868
7869
7869
7872
7875
7876
7876
7878
7878
7879
7879
7880
7881
7883
7885
7886
7886
7888
7889
7889
7890
7891
7891
7892
7893
7894
7894
7896
7897
7898
7899
7901
7902
7902
7903
7904
7904
7905
7905
7905
7906
7906
7909
7911
7914
7914
7915
7916
7918
7919
7919
7919
7921
7921
7922
7922
7924
7925
7925
7925
7926
7927
7927
7929
7929
7930
7932
7933
7933
7933
7935
7935
7937
7939
7939
7940
7941
7941
7941
7943
7943
7944
7945
7945
7949
7951
7951
7951
7953
7953
7954
7957
7957
7958
7958
7959
7959
7960
7960
7960
7961
7962
7962
7964
7964
7964
7964
7965
7965
7967
7969
7970
7971
7972
7972
7973
7974
7974
7976
7977
7980
7981
7983
7983
7985
7987
7989
7990
7991
7991
7993
7993
7997
7998
7998
8000
8000
8001
8002
8003
8003
8005
8005
8006
8007
8007
8009
8010
8011
8011
8013
8014
8015
8016
8016
8017
8017
8019
8020
8020
8022
8022
8022
8022
8022
8026
8027
8027
8031
8031
8031
8033
8035
8037
8037
8038
8039
8041
8041
8042
8045
8045
8046
8046
8050
8050
8051
8052
8052
8053
8054
8055
8057
8057
8060
8060
8061
8064
8065
8067
8067
8068
8068
8069
8070
8071
8071
8072
8073
8073
8073
8073
8074
8074
8076
8077
8080
8080
8081
8081
8081
8081
8083
8085
8085
8088
8090
8091
8093
8094
8097
8099
8101
8101
8102
8102
8103
8103
8104
8105
8105
8105
8106
8109
8109
8109
8110
8111
8112
8117
8119
8122
8122
8122
8125
8126
8127
8127
8128
8128
8130
8133
8134
8135
8135
8136
8136
8137
8138
8140
8140
8141
8141
8142
8142
8142
8143
8145
8146
8148
8148
8149
8149
8150
8151
8152
8152
8153
8153
8153
8153
8154
8154
8155
8157
8157
8164
8165
8166
8167
8168
8170
8170
8171
8172
8172
8174
8174
8175
8176
8176
8176
8176
8178
8180
8182
8183
8183
8185
8188
8190
8190
8190
8193
8193
8196
8198
8198
8199
8200
8200
8203
8203
8203
8204
8206
8207
8207
8208
8209
8210
8211
8215
8215
8216
8217
8218
8218
8218
8221
8222
8223
8223
8223
8224
8224
8225
8225
8226
8230
8232
8232
8233
8235
8235
8238
8241
8244
8245
8245
8245
8245
8245
8246
8246
8249
8251
8251
8252
8253
8253
8254
8255
8258
8258
8259
8265
8268
8273
8273
8275
8275
8275
8279
8280
8281
8284
8285
8289
8290
8290
8291
8292
8292
8296
8296
8297
8298
8299
8300
8300
8301
8301
8302
8304
8305
8307
8307
8307
8307
8307
8308
8309
8310
8310
8310
8312
8313
8320
8320
8321
8321
8323
8325
8327
8328
8328
8329
8330
8330
8331
8331
8331
8332
8333
8334
8335
8336
8336
8336
8339
8339
8340
8342
8344
8344
8344
8347
8348
8349
8350
8353
8353
8353
8354
8355
8355
8355
8356
8356
8356
8358
8358
8361
8363
8365
8367
8367
8368
8369
8369
8371
8371
8372
8377
8380
8380
8383
8383
8385
8386
8386
8387
8388
8389
8391
8392
8392
8392
8392
8393
8393
8394
8395
8395
8395
8395
8397
8398
8400
8403
8403
8404
8405
8405
8407
8410
8414
8414
8415
8416
8418
8418
8419
8419
8420
8422
8422
8426
8426
8428
8431
8431
8433
8434
8435
8438
8440
8441
8442
8443
8445
8447
8448
8449
8454
8454
8456
8457
8458
8465
8465
8468
8468
8470
8470
8471
8472
8474
8477
8480
8481
8483
8483
8484
8484
8485
8487
8488
8489
8489
8490
8490
8491
8493
8493
8495
8497
8497
8499
8499
8499
8501
8503
8507
8508
8511
8513
8514
8516
8519
8519
8519
8520
8521
8522
8522
8522
8523
8525
8525
8529
8529
8532
8533
8533
8534
8534
8536
8537
8537
8538
8539
8540
8541
8543
8550
8551
8551
8551
8556
8557
8559
8560
8562
8562
8562
8563
8563
8564
8567
8568
8569
8569
8570
8576
8580
8580
8580
8582
8582
8585
8586
8587
8587
8588
8589
8591
8591
8592
8592
8592
8593
8594
8595
8595
8596
8598
8598
8599
8600
8600
8601
8603
8604
8606
8609
8609
8612
8616
8620
8622
8622
8625
8626
8627
8627
8629
8630
8630
8632
8633
8634
8635
8637
8638
8638
8642
8643
8645
8646
8647
8647
8648
8648
8649
8649
8651
8656
8658
8659
8660
8661
8661
8661
8661
8663
8664
8665
8666
8669
8671
8674
8675
8676
8676
8676
8677
8677
8679
8680
8686
8692
8694
8696
8697
8697
8698
8699
8700
8701
8702
8703
8704
8706
8707
8708
8708
8709
8710
8710
8711
8712
8715
8717
8718
8719
8720
8720
8721
8721
8723
8723
8724
8727
8727
8728
8728
8728
8728
8732
8733
8733
8733
8734
8736
8736
8739
8741
8744
8744
8744
8744
8745
8745
8747
8748
8752
8752
8754
8755
8755
8758
8758
8759
8759
8760
8761
8762
8763
8764
8766
8767
8767
8767
8769
8770
8771
8774
8774
8775
8776
8777
8778
8779
8779
8780
8781
8781
8784
8784
8784
8784
8787
8787
8790
8797
8798
8798
8798
8799
8801
8801
8802
8805
8805
8805
8807
8808
8809
8810
8811
8812
8812
8816
8817
8817
8819
8819
8819
8822
8822
8824
8824
8824
8825
8826
8826
8826
8827
8828
8829
8829
8829
8833
8834
8835
8835
8837
8839
8839
8839
8841
8842
8843
8844
8846
8847
8847
8849
8849
8852
8852
8854
8854
8854
8856
8856
8859
8861
8862
8862
8862
8862
8863
8864
8865
8866
8867
8868
8868
8868
8870
8871
8873
8874
8875
8876
8879
8880
8883
8884
8884
8884
8885
8885
8885
8887
8888
8889
8889
8891
8891
8892
8895
8895
8897
8898
8898
8900
8901
8902
8902
8903
8904
8904
8905
8905
8906
8906
8908
8909
8909
8910
8910
8910
8914
8915
8915
8915
8916
8920
8920
8922
8923
8923
8924
8924
8925
8926
8926
8928
8934
8934
8935
8935
8936
8936
8937
8939
8942
8944
8944
8946
8946
8947
8948
8949
8949
8952
8952
8953
8953
8954
8954
8955
8956
8957
8957
8960
8964
8964
8965
8965
8966
8966
8969
8970
8973
8973
8973
8974
8976
8977
8978
8980
8983
8983
8986
8988
8989
8989
8990
8991
8991
8993
8997
8998
9001
